Greedy solution (not necessarily optimal): Value 136724, Weight 111924
1 2 3 6 7 8 9 10 11 12 14 15 16 17 18 19 20 24 25 26 27 28 29 30 33 34 35 36 44 45 46 47 48 49 50 51 52 58 59 60 61 62 63 64 66 67 68 74 75 76 77 78 79 80 81 82 83 90 91 92 93 94 95 109 110 111 115 116 117 118 119 120 121 122 123 124 125 126 127 128 129 130 131 132 133 137 138 143 144 145 146 147 148 149 150 151 152 155 156 157 161 162 163 164 165 166 167 169 172 173 174 175 176 177 178 183 184 185 186 187 188 189 190 195 196 197 198 199 200 
Greedy Search on hard200.txt: 85 milliseconds

Dynamic Programming solution: Value 137448, Weight 112648
1 3 6 7 8 9 10 11 12 14 15 16 17 18 19 20 24 25 26 27 28 29 30 33 34 35 36 44 45 46 47 48 49 50 51 52 58 59 60 61 62 63 64 66 67 68 74 75 76 77 78 79 80 81 82 83 90 91 92 93 94 95 109 110 111 115 116 117 118 119 120 121 122 123 124 125 126 127 128 129 130 131 132 133 137 138 143 144 145 146 147 148 149 150 151 152 155 156 157 161 162 163 164 165 166 167 169 170 171 172 173 174 175 176 177 178 181 183 184 185 186 187 188 189 190 195 197 
Dynamic Programming on hard200.txt: 167 milliseconds

Using Branch and Bound the best feasible solution found: Value 136967, Weight 112167
1 2 3 6 7 8 9 10 11 12 14 15 16 17 18 19 20 24 26 28 29 30 33 34 35 36 44 45 46 47 48 49 50 51 52 58 59 60 61 62 63 64 66 67 68 74 75 76 77 78 79 80 81 82 83 87 90 91 92 93 94 95 109 110 111 115 116 117 118 119 120 121 122 123 124 125 126 127 128 129 130 131 132 133 137 138 143 144 145 146 147 148 149 150 151 152 155 156 157 161 162 163 164 165 166 170 172 173 174 175 176 177 178 179 180 182 183 184 185 186 187 188 189 190 195 196 197 198 200 
Branch and Bound on hard200.txt: 60308 milliseconds


